1.365 0.8267999999999999 2.4599999999999995 0.34668
2.4599999999999995 0.34668 3.405 -0.8802
3.405 -0.8802 3.315 -2.2398
3.315 -2.2398 2.2049999999999996 -3.3336
2.2049999999999996 -3.3336 1.2899999999999998 -3.6935999999999996
1.2899999999999998 -3.6935999999999996 -1.08 -3.7998
-1.08 -3.7998 -3.615 -3.7463999999999995
-3.615 -3.7463999999999995 -5.04 -3.1068
-5.04 -3.1068 -5.805000000000001 -2.0802
-5.805000000000001 -2.0802 -5.955 -0.8532
-5.955 -0.8532 -4.994999999999999 0.34668
-4.994999999999999 0.34668 -3.405 0.9065999999999999
-3.405 0.9065999999999999 -1.47 0.8664
-1.47 0.8664 1.365 0.8267999999999999
1.11 -0.8664 1.635 -1.3734
1.635 -1.3734 1.4549999999999998 -1.8534
1.4549999999999998 -1.8534 1.02 -2.0802
1.02 -2.0802 -3.495 -2.0664
-3.495 -2.0664 -4.065 -1.56
-4.065 -1.56 -3.915 -1.0266
-3.915 -1.0266 -3.4650000000000003 -0.7068
-3.4650000000000003 -0.7068 1.11 -0.8664