-8.9145 1.16025 -10.346 1.16025
-10.346 1.16025 -12.1065 1.16025
-12.1065 1.16025 -13.3175 1.8375000000000001
-13.3175 1.8375000000000001 -14.087500000000002 2.41675
-14.087500000000002 2.41675 -14.087500000000002 3.19025
-14.087500000000002 3.19025 -14.087500000000002 4.641
-14.087500000000002 4.641 -13.979000000000001 5.9937499999999995
-13.979000000000001 5.9937499999999995 -13.426 7.734999999999999
-13.426 7.734999999999999 -12.327 8.5085
-12.327 8.5085 -10.4545 8.9915
-10.4545 8.9915 -8.9145 9.08775
-8.9145 9.08775 -7.483 9.08775
-7.483 9.08775 2.4219999999999997 9.474499999999999
2.4219999999999997 9.474499999999999 3.30225 9.5725
3.30225 9.5725 3.9619999999999997 10.15175
3.9619999999999997 10.15175 4.952500000000001 11.0215
4.952500000000001 11.0215 5.943 11.98925
5.943 11.98925 6.1635 13.53625
6.1635 13.53625 6.272 22.9075
6.272 22.9075 6.4925 24.36
6.4925 24.36 6.4925 25.5325
6.4925 25.5325 7.595 26.6875
7.595 26.6875 8.365 27.650000000000002
8.365 27.650000000000002 9.247 27.755
9.247 27.755 10.4545 27.8425
10.4545 27.8425 11.557 27.265
11.557 27.265 12.656 26.775000000000002
12.656 26.775000000000002 14.087500000000002 25.5325
14.087500000000002 25.5325 15.2985 23.974999999999998
15.2985 23.974999999999998 15.959999999999999 22.2425
15.959999999999999 22.2425 16.0685 20.405
16.0685 20.405 16.0685 4.8335
16.0685 4.8335 11.3365 1.063475
11.3365 1.063475 -8.9145 1.16025
-10.674999999999999 -1.740375 -11.886 -1.3536249999999999
-11.886 -1.3536249999999999 -12.768 -1.063475
-12.768 -1.063475 -13.867 -1.063475
-13.867 -1.063475 -14.8575 -0.676725
-14.8575 -0.676725 -15.959999999999999 0.193375
-15.959999999999999 0.193375 -16.73 0.9668749999999999
-16.73 0.9668749999999999 -16.8385 1.547
-16.8385 1.547 -16.8385 2.41675
-16.8385 2.41675 -17.171 3.2864999999999998
-17.171 3.2864999999999998 -16.950499999999998 5.31825
-16.950499999999998 5.31825 -16.950499999999998 7.05775
-16.950499999999998 7.05775 -16.289 8.799
-16.289 8.799 -15.519 9.86125
-15.519 9.86125 -14.1995 10.73275
-14.1995 10.73275 -12.768 11.40825
-12.768 11.40825 -11.7775 11.893
-11.7775 11.893 -10.017 12.27975
-10.017 12.27975 1.65095 12.181750000000001
1.65095 12.181750000000001 3.08175 12.76275
3.08175 12.76275 3.4125 13.923
3.4125 13.923 3.521 25.62
3.521 25.62 3.9619999999999997 26.775000000000002
3.9619999999999997 26.775000000000002 4.5115 27.755
4.5115 27.755 5.281499999999999 28.332500000000003
5.281499999999999 28.332500000000003 6.055 29.400000000000002
6.055 29.400000000000002 7.262500000000001 29.68
7.262500000000001 29.68 8.693999999999999 29.9775
8.693999999999999 29.9775 10.4545 29.9775
10.4545 29.9775 11.886 29.68
11.886 29.68 12.9885 29.294999999999998
12.9885 29.294999999999998 14.637 28.525000000000002
14.637 28.525000000000002 15.6275 27.8425
15.6275 27.8425 17.058999999999997 26.39
17.058999999999997 26.39 18.0425 25.34
18.0425 25.34 18.602500000000003 23.502499999999998
18.602500000000003 23.502499999999998 18.8125 22.2425
18.8125 22.2425 18.935000000000002 21.665000000000003
18.935000000000002 21.665000000000003 19.040000000000003 4.8335
19.040000000000003 4.8335 18.165000000000003 3.3845
18.165000000000003 3.3845 12.327 -1.25685
12.327 -1.25685 -10.674999999999999 -1.740375