0 0
-0.21 2.29
-0.17 4.21
-0.24 6.36
-0.27 8.5
-0.24 10.69
0.03 12.03
0.96 13.41
2.59 15.31
3.51 16.44
4.5 17.26
5.86 17.67
7.82 17.62
10.68 17.53
12.96 17.52
15.04 17.55
17.27 17.56
19.43 17.46
21.47 17.46
22.97 17.2
24.29 16.71
25.41 15.81
26.54 14.72
27.52 13.5
28.07 12.29
28.63 11.05
28.8 9.8
28.64 8.54
28.37 7.39
27.54 6.55
26.68 5.75
25.72 5.22
24.65 5.14
23.48 5.07
22.21 4.99
20.92 4.97
19.5 5
17.76 5.01
16.18 4.95
14.56 4.93
13.37 4.71
12.24 4.13
11.54 3.13
10.95 2.1
10.82 0.29
10.8 -2.12
10.79 -4.16
10.69 -6.28
10.68 -8.42
10.48 -9.98
10.19 -11.25
9.77 -12.59
9.07 -13.77
8.07 -14.8
6.96 -15.19
5.75 -15.44
4.51 -15.52
3.22 -15.47
1.92 -15.08
0.94 -14.33
0.33 -13.2
0 -11.9
-0.07 -10.4
-0.25 -8.75
-0.35 -6.59
-0.36 -4.54
-0.27 -2.28
