-5.094e+00 6.630e-01 -5.912e+00 6.630e-01
-5.912e+00 6.630e-01 -6.918e+00 6.630e-01
-6.918e+00 6.630e-01 -7.610e+00 1.050e+00
-7.610e+00 1.050e+00 -8.050e+00 1.381e+00
-8.050e+00 1.381e+00 -8.050e+00 1.823e+00
-8.050e+00 1.823e+00 -8.050e+00 2.652e+00
-8.050e+00 2.652e+00 -7.988e+00 3.425e+00
-7.988e+00 3.425e+00 -7.672e+00 4.420e+00
-7.672e+00 4.420e+00 -7.044e+00 4.862e+00
-7.044e+00 4.862e+00 -5.974e+00 5.138e+00
-5.974e+00 5.138e+00 -5.094e+00 5.193e+00
-5.094e+00 5.193e+00 -4.276e+00 5.193e+00
-4.276e+00 5.193e+00 1.384e+00 5.414e+00
1.384e+00 5.414e+00 1.887e+00 5.470e+00
1.887e+00 5.470e+00 2.264e+00 5.801e+00
2.264e+00 5.801e+00 2.830e+00 6.298e+00
2.830e+00 6.298e+00 3.396e+00 6.851e+00
3.396e+00 6.851e+00 3.522e+00 7.735e+00
3.522e+00 7.735e+00 3.584e+00 1.309e+01
3.584e+00 1.309e+01 3.710e+00 1.392e+01
3.710e+00 1.392e+01 3.710e+00 1.459e+01
3.710e+00 1.459e+01 4.340e+00 1.525e+01
4.340e+00 1.525e+01 4.780e+00 1.580e+01
4.780e+00 1.580e+01 5.284e+00 1.586e+01
5.284e+00 1.586e+01 5.974e+00 1.591e+01
5.974e+00 1.591e+01 6.604e+00 1.558e+01
6.604e+00 1.558e+01 7.232e+00 1.530e+01
7.232e+00 1.530e+01 8.050e+00 1.459e+01
8.050e+00 1.459e+01 8.742e+00 1.370e+01
8.742e+00 1.370e+01 9.120e+00 1.271e+01
9.120e+00 1.271e+01 9.182e+00 1.166e+01
9.182e+00 1.166e+01 9.182e+00 2.762e+00
9.182e+00 2.762e+00 6.478e+00 6.077e-01
6.478e+00 6.077e-01 -5.094e+00 6.630e-01
-6.100e+00 -9.945e-01 -6.792e+00 -7.735e-01
-6.792e+00 -7.735e-01 -7.296e+00 -6.077e-01
-7.296e+00 -6.077e-01 -7.924e+00 -6.077e-01
-7.924e+00 -6.077e-01 -8.490e+00 -3.867e-01
-8.490e+00 -3.867e-01 -9.120e+00 1.105e-01
-9.120e+00 1.105e-01 -9.560e+00 5.525e-01
-9.560e+00 5.525e-01 -9.622e+00 8.840e-01
-9.622e+00 8.840e-01 -9.622e+00 1.381e+00
-9.622e+00 1.381e+00 -9.812e+00 1.878e+00
-9.812e+00 1.878e+00 -9.686e+00 3.039e+00
-9.686e+00 3.039e+00 -9.686e+00 4.033e+00
-9.686e+00 4.033e+00 -9.308e+00 5.028e+00
-9.308e+00 5.028e+00 -8.868e+00 5.635e+00
-8.868e+00 5.635e+00 -8.114e+00 6.133e+00
-8.114e+00 6.133e+00 -7.296e+00 6.519e+00
-7.296e+00 6.519e+00 -6.730e+00 6.796e+00
-6.730e+00 6.796e+00 -5.724e+00 7.017e+00
-5.724e+00 7.017e+00 9.434e-01 6.961e+00
9.434e-01 6.961e+00 1.761e+00 7.293e+00
1.761e+00 7.293e+00 1.950e+00 7.956e+00
1.950e+00 7.956e+00 2.012e+00 1.464e+01
2.012e+00 1.464e+01 2.264e+00 1.530e+01
2.264e+00 1.530e+01 2.578e+00 1.586e+01
2.578e+00 1.586e+01 3.018e+00 1.619e+01
3.018e+00 1.619e+01 3.460e+00 1.680e+01
3.460e+00 1.680e+01 4.150e+00 1.696e+01
4.150e+00 1.696e+01 4.968e+00 1.713e+01
4.968e+00 1.713e+01 5.974e+00 1.713e+01
5.974e+00 1.713e+01 6.792e+00 1.696e+01
6.792e+00 1.696e+01 7.422e+00 1.674e+01
7.422e+00 1.674e+01 8.364e+00 1.630e+01
8.364e+00 1.630e+01 8.930e+00 1.591e+01
8.930e+00 1.591e+01 9.748e+00 1.508e+01
9.748e+00 1.508e+01 1.031e+01 1.448e+01
1.031e+01 1.448e+01 1.063e+01 1.343e+01
1.063e+01 1.343e+01 1.075e+01 1.271e+01
1.075e+01 1.271e+01 1.082e+01 1.238e+01
1.082e+01 1.238e+01 1.088e+01 2.762e+00
1.088e+01 2.762e+00 1.038e+01 1.934e+00
1.038e+01 1.934e+00 7.044e+00 -7.182e-01
7.044e+00 -7.182e-01 -6.100e+00 -9.945e-01
