0.000e+00 0.000e+00
-2.100e-02 2.290e-01
-4.200e-02 4.580e-01
-6.300e-02 6.870e-01
-8.400e-02 9.160e-01
-1.050e-01 1.145e+00
-1.260e-01 1.374e+00
-1.470e-01 1.603e+00
-1.680e-01 1.832e+00
-1.890e-01 2.061e+00
-2.100e-01 2.290e+00
-2.060e-01 2.482e+00
-2.020e-01 2.674e+00
-1.980e-01 2.866e+00
-1.940e-01 3.058e+00
-1.900e-01 3.250e+00
-1.860e-01 3.442e+00
-1.820e-01 3.634e+00
-1.780e-01 3.826e+00
-1.740e-01 4.018e+00
-1.700e-01 4.210e+00
-1.770e-01 4.425e+00
-1.840e-01 4.640e+00
-1.910e-01 4.855e+00
-1.980e-01 5.070e+00
-2.050e-01 5.285e+00
-2.120e-01 5.500e+00
-2.190e-01 5.715e+00
-2.260e-01 5.930e+00
-2.330e-01 6.145e+00
-2.400e-01 6.360e+00
-2.430e-01 6.574e+00
-2.460e-01 6.788e+00
-2.490e-01 7.002e+00
-2.520e-01 7.216e+00
-2.550e-01 7.430e+00
-2.580e-01 7.644e+00
-2.610e-01 7.858e+00
-2.640e-01 8.072e+00
-2.670e-01 8.286e+00
-2.700e-01 8.500e+00
-2.670e-01 8.719e+00
-2.640e-01 8.938e+00
-2.610e-01 9.157e+00
-2.580e-01 9.376e+00
-2.550e-01 9.595e+00
-2.520e-01 9.814e+00
-2.490e-01 1.003e+01
-2.460e-01 1.025e+01
-2.430e-01 1.047e+01
-2.400e-01 1.069e+01
-2.130e-01 1.082e+01
-1.860e-01 1.096e+01
-1.590e-01 1.109e+01
-1.320e-01 1.123e+01
-1.050e-01 1.136e+01
-7.800e-02 1.149e+01
-5.100e-02 1.163e+01
-2.400e-02 1.176e+01
3.000e-03 1.190e+01
3.000e-02 1.203e+01
1.230e-01 1.217e+01
2.160e-01 1.231e+01
3.090e-01 1.244e+01
4.020e-01 1.258e+01
4.950e-01 1.272e+01
5.880e-01 1.286e+01
6.810e-01 1.300e+01
7.740e-01 1.313e+01
8.670e-01 1.327e+01
9.600e-01 1.341e+01
1.123e+00 1.360e+01
1.286e+00 1.379e+01
1.449e+00 1.398e+01
1.612e+00 1.417e+01
1.775e+00 1.436e+01
1.938e+00 1.455e+01
2.101e+00 1.474e+01
2.264e+00 1.493e+01
2.427e+00 1.512e+01
2.590e+00 1.531e+01
2.682e+00 1.542e+01
2.774e+00 1.554e+01
2.866e+00 1.565e+01
2.958e+00 1.576e+01
3.050e+00 1.588e+01
3.142e+00 1.599e+01
3.234e+00 1.610e+01
3.326e+00 1.621e+01
3.418e+00 1.633e+01
3.510e+00 1.644e+01
3.609e+00 1.652e+01
3.708e+00 1.660e+01
3.807e+00 1.669e+01
3.906e+00 1.677e+01
4.005e+00 1.685e+01
4.104e+00 1.693e+01
4.203e+00 1.701e+01
4.302e+00 1.710e+01
4.401e+00 1.718e+01
4.500e+00 1.726e+01
4.636e+00 1.730e+01
4.772e+00 1.734e+01
4.908e+00 1.738e+01
5.044e+00 1.742e+01
5.180e+00 1.747e+01
5.316e+00 1.751e+01
5.452e+00 1.755e+01
5.588e+00 1.759e+01
5.724e+00 1.763e+01
5.860e+00 1.767e+01
6.056e+00 1.767e+01
6.252e+00 1.766e+01
6.448e+00 1.766e+01
6.644e+00 1.765e+01
6.840e+00 1.765e+01
7.036e+00 1.764e+01
7.232e+00 1.764e+01
7.428e+00 1.763e+01
7.624e+00 1.762e+01
7.820e+00 1.762e+01
8.106e+00 1.761e+01
8.392e+00 1.760e+01
8.678e+00 1.759e+01
8.964e+00 1.758e+01
9.250e+00 1.758e+01
9.536e+00 1.757e+01
9.822e+00 1.756e+01
1.011e+01 1.755e+01
1.039e+01 1.754e+01
1.068e+01 1.753e+01
1.091e+01 1.753e+01
1.114e+01 1.753e+01
1.136e+01 1.753e+01
1.159e+01 1.753e+01
1.182e+01 1.752e+01
1.205e+01 1.752e+01
1.228e+01 1.752e+01
1.250e+01 1.752e+01
1.273e+01 1.752e+01
1.296e+01 1.752e+01
1.317e+01 1.752e+01
1.338e+01 1.753e+01
1.358e+01 1.753e+01
1.379e+01 1.753e+01
1.400e+01 1.754e+01
1.421e+01 1.754e+01
1.442e+01 1.754e+01
1.462e+01 1.754e+01
1.483e+01 1.755e+01
1.504e+01 1.755e+01
1.526e+01 1.755e+01
1.549e+01 1.755e+01
1.571e+01 1.755e+01
1.593e+01 1.755e+01
1.616e+01 1.755e+01
1.638e+01 1.756e+01
1.660e+01 1.756e+01
1.682e+01 1.756e+01
1.705e+01 1.756e+01
1.727e+01 1.756e+01
1.749e+01 1.755e+01
1.770e+01 1.754e+01
1.792e+01 1.753e+01
1.813e+01 1.752e+01
1.835e+01 1.751e+01
1.857e+01 1.750e+01
1.878e+01 1.749e+01
1.900e+01 1.748e+01
1.921e+01 1.747e+01
1.943e+01 1.746e+01
1.963e+01 1.746e+01
1.984e+01 1.746e+01
2.004e+01 1.746e+01
2.025e+01 1.746e+01
2.045e+01 1.746e+01
2.065e+01 1.746e+01
2.086e+01 1.746e+01
2.106e+01 1.746e+01
2.127e+01 1.746e+01
2.147e+01 1.746e+01
2.162e+01 1.743e+01
2.177e+01 1.741e+01
2.192e+01 1.738e+01
2.207e+01 1.736e+01
2.222e+01 1.733e+01
2.237e+01 1.730e+01
2.252e+01 1.728e+01
2.267e+01 1.725e+01
2.282e+01 1.723e+01
2.297e+01 1.720e+01
2.310e+01 1.715e+01
2.323e+01 1.710e+01
2.337e+01 1.705e+01
2.350e+01 1.700e+01
2.363e+01 1.695e+01
2.376e+01 1.691e+01
2.389e+01 1.686e+01
2.403e+01 1.681e+01
2.416e+01 1.676e+01
2.429e+01 1.671e+01
2.440e+01 1.662e+01
2.451e+01 1.653e+01
2.463e+01 1.644e+01
2.474e+01 1.635e+01
2.485e+01 1.626e+01
2.496e+01 1.617e+01
2.507e+01 1.608e+01
2.519e+01 1.599e+01
2.530e+01 1.590e+01
2.541e+01 1.581e+01
2.552e+01 1.570e+01
2.564e+01 1.559e+01
2.575e+01 1.548e+01
2.586e+01 1.537e+01
2.598e+01 1.527e+01
2.609e+01 1.516e+01
2.620e+01 1.505e+01
2.631e+01 1.494e+01
2.643e+01 1.483e+01
2.654e+01 1.472e+01
2.664e+01 1.460e+01
2.674e+01 1.448e+01
2.683e+01 1.435e+01
2.693e+01 1.423e+01
2.703e+01 1.411e+01
2.713e+01 1.399e+01
2.723e+01 1.387e+01
2.732e+01 1.374e+01
2.742e+01 1.362e+01
2.752e+01 1.350e+01
2.758e+01 1.338e+01
2.763e+01 1.326e+01
2.768e+01 1.314e+01
2.774e+01 1.302e+01
2.780e+01 1.289e+01
2.785e+01 1.277e+01
2.790e+01 1.265e+01
2.796e+01 1.253e+01
2.802e+01 1.241e+01
2.807e+01 1.229e+01
2.813e+01 1.217e+01
2.818e+01 1.204e+01
2.824e+01 1.192e+01
2.829e+01 1.179e+01
2.835e+01 1.167e+01
2.841e+01 1.155e+01
2.846e+01 1.142e+01
2.852e+01 1.130e+01
2.857e+01 1.117e+01
2.863e+01 1.105e+01
2.865e+01 1.093e+01
2.866e+01 1.080e+01
2.868e+01 1.068e+01
2.870e+01 1.055e+01
2.871e+01 1.043e+01
2.873e+01 1.030e+01
2.875e+01 1.018e+01
2.877e+01 1.005e+01
2.878e+01 9.925e+00
2.880e+01 9.800e+00
2.878e+01 9.674e+00
2.877e+01 9.548e+00
2.875e+01 9.422e+00
2.874e+01 9.296e+00
2.872e+01 9.170e+00
2.870e+01 9.044e+00
2.869e+01 8.918e+00
2.867e+01 8.792e+00
2.866e+01 8.666e+00
2.864e+01 8.540e+00
2.861e+01 8.425e+00
2.859e+01 8.310e+00
2.856e+01 8.195e+00
2.853e+01 8.080e+00
2.851e+01 7.965e+00
2.848e+01 7.850e+00
2.845e+01 7.735e+00
2.842e+01 7.620e+00
2.840e+01 7.505e+00
2.837e+01 7.390e+00
2.829e+01 7.306e+00
2.820e+01 7.222e+00
2.812e+01 7.138e+00
2.804e+01 7.054e+00
2.795e+01 6.970e+00
2.787e+01 6.886e+00
2.779e+01 6.802e+00
2.771e+01 6.718e+00
2.762e+01 6.634e+00
2.754e+01 6.550e+00
2.745e+01 6.470e+00
2.737e+01 6.390e+00
2.728e+01 6.310e+00
2.720e+01 6.230e+00
2.711e+01 6.150e+00
2.702e+01 6.070e+00
2.694e+01 5.990e+00
2.685e+01 5.910e+00
2.677e+01 5.830e+00
2.668e+01 5.750e+00
2.658e+01 5.697e+00
2.649e+01 5.644e+00
2.639e+01 5.591e+00
2.630e+01 5.538e+00
2.620e+01 5.485e+00
2.610e+01 5.432e+00
2.601e+01 5.379e+00
2.591e+01 5.326e+00
2.582e+01 5.273e+00
2.572e+01 5.220e+00
2.561e+01 5.212e+00
2.551e+01 5.204e+00
2.540e+01 5.196e+00
2.529e+01 5.188e+00
2.518e+01 5.180e+00
2.508e+01 5.172e+00
2.497e+01 5.164e+00
2.486e+01 5.156e+00
2.476e+01 5.148e+00
2.465e+01 5.140e+00
2.453e+01 5.133e+00
2.442e+01 5.126e+00
2.430e+01 5.119e+00
2.418e+01 5.112e+00
2.406e+01 5.105e+00
2.395e+01 5.098e+00
2.383e+01 5.091e+00
2.371e+01 5.084e+00
2.360e+01 5.077e+00
2.348e+01 5.070e+00
2.335e+01 5.062e+00
2.323e+01 5.054e+00
2.310e+01 5.046e+00
2.297e+01 5.038e+00
2.284e+01 5.030e+00
2.272e+01 5.022e+00
2.259e+01 5.014e+00
2.246e+01 5.006e+00
2.234e+01 4.998e+00
2.221e+01 4.990e+00
2.208e+01 4.988e+00
2.195e+01 4.986e+00
2.182e+01 4.984e+00
2.169e+01 4.982e+00
2.157e+01 4.980e+00
2.144e+01 4.978e+00
2.131e+01 4.976e+00
2.118e+01 4.974e+00
2.105e+01 4.972e+00
2.092e+01 4.970e+00
2.078e+01 4.973e+00
2.064e+01 4.976e+00
2.049e+01 4.979e+00
2.035e+01 4.982e+00
2.021e+01 4.985e+00
2.007e+01 4.988e+00
1.993e+01 4.991e+00
1.978e+01 4.994e+00
1.964e+01 4.997e+00
1.950e+01 5.000e+00
1.933e+01 5.001e+00
1.915e+01 5.002e+00
1.898e+01 5.003e+00
1.880e+01 5.004e+00
1.863e+01 5.005e+00
1.846e+01 5.006e+00
1.828e+01 5.007e+00
1.811e+01 5.008e+00
1.793e+01 5.009e+00
1.776e+01 5.010e+00
1.760e+01 5.004e+00
1.744e+01 4.998e+00
1.729e+01 4.992e+00
1.713e+01 4.986e+00
1.697e+01 4.980e+00
1.681e+01 4.974e+00
1.665e+01 4.968e+00
1.650e+01 4.962e+00
1.634e+01 4.956e+00
1.618e+01 4.950e+00
1.602e+01 4.948e+00
1.586e+01 4.946e+00
1.569e+01 4.944e+00
1.553e+01 4.942e+00
1.537e+01 4.940e+00
1.521e+01 4.938e+00
1.505e+01 4.936e+00
1.488e+01 4.934e+00
1.472e+01 4.932e+00
1.456e+01 4.930e+00
1.444e+01 4.908e+00
1.432e+01 4.886e+00
1.420e+01 4.864e+00
1.408e+01 4.842e+00
1.396e+01 4.820e+00
1.385e+01 4.798e+00
1.373e+01 4.776e+00
1.361e+01 4.754e+00
1.349e+01 4.732e+00
1.337e+01 4.710e+00
1.326e+01 4.652e+00
1.314e+01 4.594e+00
1.303e+01 4.536e+00
1.292e+01 4.478e+00
1.280e+01 4.420e+00
1.269e+01 4.362e+00
1.258e+01 4.304e+00
1.247e+01 4.246e+00
1.235e+01 4.188e+00
1.224e+01 4.130e+00
1.217e+01 4.030e+00
1.210e+01 3.930e+00
1.203e+01 3.830e+00
1.196e+01 3.730e+00
1.189e+01 3.630e+00
1.182e+01 3.530e+00
1.175e+01 3.430e+00
1.168e+01 3.330e+00
1.161e+01 3.230e+00
1.154e+01 3.130e+00
1.148e+01 3.027e+00
1.142e+01 2.924e+00
1.136e+01 2.821e+00
1.130e+01 2.718e+00
1.124e+01 2.615e+00
1.119e+01 2.512e+00
1.113e+01 2.409e+00
1.107e+01 2.306e+00
1.101e+01 2.203e+00
1.095e+01 2.100e+00
1.094e+01 1.919e+00
1.092e+01 1.738e+00
1.091e+01 1.557e+00
1.090e+01 1.376e+00
1.088e+01 1.195e+00
1.087e+01 1.014e+00
1.086e+01 8.330e-01
1.085e+01 6.520e-01
1.083e+01 4.710e-01
1.082e+01 2.900e-01
1.082e+01 4.900e-02
1.082e+01 -1.920e-01
1.081e+01 -4.330e-01
1.081e+01 -6.740e-01
1.081e+01 -9.150e-01
1.081e+01 -1.156e+00
1.081e+01 -1.397e+00
1.080e+01 -1.638e+00
1.080e+01 -1.879e+00
1.080e+01 -2.120e+00
1.080e+01 -2.324e+00
1.080e+01 -2.528e+00
1.080e+01 -2.732e+00
1.080e+01 -2.936e+00
1.079e+01 -3.140e+00
1.079e+01 -3.344e+00
1.079e+01 -3.548e+00
1.079e+01 -3.752e+00
1.079e+01 -3.956e+00
1.079e+01 -4.160e+00
1.078e+01 -4.372e+00
1.077e+01 -4.584e+00
1.076e+01 -4.796e+00
1.075e+01 -5.008e+00
1.074e+01 -5.220e+00
1.073e+01 -5.432e+00
1.072e+01 -5.644e+00
1.071e+01 -5.856e+00
1.070e+01 -6.068e+00
1.069e+01 -6.280e+00
1.069e+01 -6.494e+00
1.069e+01 -6.708e+00
1.069e+01 -6.922e+00
1.069e+01 -7.136e+00
1.068e+01 -7.350e+00
1.068e+01 -7.564e+00
1.068e+01 -7.778e+00
1.068e+01 -7.992e+00
1.068e+01 -8.206e+00
1.068e+01 -8.420e+00
1.066e+01 -8.576e+00
1.064e+01 -8.732e+00
1.062e+01 -8.888e+00
1.060e+01 -9.044e+00
1.058e+01 -9.200e+00
1.056e+01 -9.356e+00
1.054e+01 -9.512e+00
1.052e+01 -9.668e+00
1.050e+01 -9.824e+00
1.048e+01 -9.980e+00
1.045e+01 -1.011e+01
1.042e+01 -1.023e+01
1.039e+01 -1.036e+01
1.036e+01 -1.049e+01
1.034e+01 -1.062e+01
1.031e+01 -1.074e+01
1.028e+01 -1.087e+01
1.025e+01 -1.100e+01
1.022e+01 -1.112e+01
1.019e+01 -1.125e+01
1.015e+01 -1.138e+01
1.011e+01 -1.152e+01
1.006e+01 -1.165e+01
1.002e+01 -1.179e+01
9.980e+00 -1.192e+01
9.938e+00 -1.205e+01
9.896e+00 -1.219e+01
9.854e+00 -1.232e+01
9.812e+00 -1.246e+01
9.770e+00 -1.259e+01
9.700e+00 -1.271e+01
9.630e+00 -1.283e+01
9.560e+00 -1.294e+01
9.490e+00 -1.306e+01
9.420e+00 -1.318e+01
9.350e+00 -1.330e+01
9.280e+00 -1.342e+01
9.210e+00 -1.353e+01
9.140e+00 -1.365e+01
9.070e+00 -1.377e+01
8.970e+00 -1.387e+01
8.870e+00 -1.398e+01
8.770e+00 -1.408e+01
8.670e+00 -1.418e+01
8.570e+00 -1.429e+01
8.470e+00 -1.439e+01
8.370e+00 -1.449e+01
8.270e+00 -1.459e+01
8.170e+00 -1.470e+01
8.070e+00 -1.480e+01
7.959e+00 -1.484e+01
7.848e+00 -1.488e+01
7.737e+00 -1.492e+01
7.626e+00 -1.496e+01
7.515e+00 -1.500e+01
7.404e+00 -1.503e+01
7.293e+00 -1.507e+01
7.182e+00 -1.511e+01
7.071e+00 -1.515e+01
6.960e+00 -1.519e+01
6.839e+00 -1.521e+01
6.718e+00 -1.524e+01
6.597e+00 -1.526e+01
6.476e+00 -1.529e+01
6.355e+00 -1.531e+01
6.234e+00 -1.534e+01
6.113e+00 -1.537e+01
5.992e+00 -1.539e+01
5.871e+00 -1.541e+01
5.750e+00 -1.544e+01
5.626e+00 -1.545e+01
5.502e+00 -1.546e+01
5.378e+00 -1.546e+01
5.254e+00 -1.547e+01
5.130e+00 -1.548e+01
5.006e+00 -1.549e+01
4.882e+00 -1.550e+01
4.758e+00 -1.550e+01
4.634e+00 -1.551e+01
4.510e+00 -1.552e+01
4.381e+00 -1.552e+01
4.252e+00 -1.551e+01
4.123e+00 -1.550e+01
3.994e+00 -1.550e+01
3.865e+00 -1.550e+01
3.736e+00 -1.549e+01
3.607e+00 -1.549e+01
3.478e+00 -1.548e+01
3.349e+00 -1.547e+01
3.220e+00 -1.547e+01
3.090e+00 -1.543e+01
2.960e+00 -1.539e+01
2.830e+00 -1.535e+01
2.700e+00 -1.531e+01
2.570e+00 -1.528e+01
2.440e+00 -1.524e+01
2.310e+00 -1.520e+01
2.180e+00 -1.516e+01
2.050e+00 -1.512e+01
1.920e+00 -1.508e+01
1.822e+00 -1.501e+01
1.724e+00 -1.493e+01
1.626e+00 -1.485e+01
1.528e+00 -1.478e+01
1.430e+00 -1.471e+01
1.332e+00 -1.463e+01
1.234e+00 -1.455e+01
1.136e+00 -1.448e+01
1.038e+00 -1.440e+01
9.400e-01 -1.433e+01
8.790e-01 -1.422e+01
8.180e-01 -1.410e+01
7.570e-01 -1.399e+01
6.960e-01 -1.388e+01
6.350e-01 -1.377e+01
5.740e-01 -1.365e+01
5.130e-01 -1.354e+01
4.520e-01 -1.343e+01
3.910e-01 -1.331e+01
3.300e-01 -1.320e+01
2.970e-01 -1.307e+01
2.640e-01 -1.294e+01
2.310e-01 -1.281e+01
1.980e-01 -1.268e+01
1.650e-01 -1.255e+01
1.320e-01 -1.242e+01
9.900e-02 -1.229e+01
6.600e-02 -1.216e+01
3.300e-02 -1.203e+01
0.000e+00 -1.190e+01
-7.000e-03 -1.175e+01
-1.400e-02 -1.160e+01
-2.100e-02 -1.145e+01
-2.800e-02 -1.130e+01
-3.500e-02 -1.115e+01
-4.200e-02 -1.100e+01
-4.900e-02 -1.085e+01
-5.600e-02 -1.070e+01
-6.300e-02 -1.055e+01
-7.000e-02 -1.040e+01
-8.800e-02 -1.024e+01
-1.060e-01 -1.007e+01
-1.240e-01 -9.905e+00
-1.420e-01 -9.740e+00
-1.600e-01 -9.575e+00
-1.780e-01 -9.410e+00
-1.960e-01 -9.245e+00
-2.140e-01 -9.080e+00
-2.320e-01 -8.915e+00
-2.500e-01 -8.750e+00
-2.600e-01 -8.534e+00
-2.700e-01 -8.318e+00
-2.800e-01 -8.102e+00
-2.900e-01 -7.886e+00
-3.000e-01 -7.670e+00
-3.100e-01 -7.454e+00
-3.200e-01 -7.238e+00
-3.300e-01 -7.022e+00
-3.400e-01 -6.806e+00
-3.500e-01 -6.590e+00
-3.510e-01 -6.385e+00
-3.520e-01 -6.180e+00
-3.530e-01 -5.975e+00
-3.540e-01 -5.770e+00
-3.550e-01 -5.565e+00
-3.560e-01 -5.360e+00
-3.570e-01 -5.155e+00
-3.580e-01 -4.950e+00
-3.590e-01 -4.745e+00
-3.600e-01 -4.540e+00
-3.510e-01 -4.314e+00
-3.420e-01 -4.088e+00
-3.330e-01 -3.862e+00
-3.240e-01 -3.636e+00
-3.150e-01 -3.410e+00
-3.060e-01 -3.184e+00
-2.970e-01 -2.958e+00
-2.880e-01 -2.732e+00
-2.790e-01 -2.506e+00
-2.700e-01 -2.280e+00
-2.430e-01 -2.052e+00
-2.160e-01 -1.824e+00
-1.890e-01 -1.596e+00
-1.620e-01 -1.368e+00
-1.350e-01 -1.140e+00
-1.080e-01 -9.120e-01
-8.100e-02 -6.840e-01
-5.400e-02 -4.560e-01
-2.700e-02 -2.280e-01
